[global]
id = 130
name = DepthEyeDualNonlinearity
parent = 1
chip_type = 75027

[defining_params]
unambiguous_range = 6.5
near_distance = 0.3
intg_scale = 1
filter_en = 1
mod_freq1 = 60
mod_freq2 = 50
intg_time = 100
compat_data_en = 1
measure_mode = 1
output_mode = 0
phase_shift_45_enable = 0
phases_num = 4
dlycnt = 0
anadlycnt = 0 #40
dlycntsf = 0 # 10
hmax = 1800 #1800 #1900 #1388 #1700 #2304
dutof_mode = 0

[params]
dutof_mode = 0

[calib]
calib_disable = 34
fisheye_enable = 0
cx = 324.711222
cy = 255.460988
fx = 372.885261
fy = 372.621503
k1 = -0.388891
k2 = 0.167671
k3 = -0.035692
p1 = 0.000288
p2 = 0.000433
phase_lin_corr_period = 1
calib_tsensor = 31
calib_tillum = 30
coeff_tillum = 4.92
coeff_tsensor = 5.16
phase_corr_1 = -2071
phase_corr_2 = -1764
phase_lin_coeff1 = 121 272 414 538 646 751 865 997 1144 1295 1437 1562 1671 1776 1890 2022
phase_lin_coeff2 = 128 256 384 512 640 768 896 1024 1152 1280 1408 1536 1664 1792 1920 2048
calib_temp_offset = 5
phasecorrection = file:MLX027Dual1383.bin
freq1_a = -0.6942507728944564
freq1_b = 0.04582717765690829
freq1_c = 26.202333449530247
freq1_d = -15.963303919263033
freq2_a = -0.6942507728944564
freq2_b = 0.04582717765690829
freq2_c = 26.202333449530247
freq2_d = -15.963303919263033

